
      Missile velocity vs time plots for 10 degrees
      Time                 Velocity       
      4                    560.76         
      8                    521.52         
      12                   482.28         
      16                   443.04         
      20                   403.8          
      24                   364.56         
      28                   325.32         
      32                   286.08         
      36                   246.84         
      40                   207.6          
      44                   168.36         
      48                   129.12         
      52                   89.88          
      56                   50.64          
      60                   11.4           

      Missile velocity vs time plots for 20 degrees
      Time                 Velocity       
      4                    560.76         
      8                    521.52         
      12                   482.28         
      16                   443.04         
      20                   403.8          
      24                   364.56         
      28                   325.32         
      32                   286.08         
      36                   246.84         
      40                   207.6          
      44                   168.36         
      48                   129.12         
      52                   89.88          
      56                   50.64          
      60                   11.4           

      Missile velocity vs time plots for 30 degrees
      Time                 Velocity       
      4                    560.76         
      8                    521.52         
      12                   482.28         
      16                   443.04         
      20                   403.8          
      24                   364.56         
      28                   325.32         
      32                   286.08         
      36                   246.84         
      40                   207.6          
      44                   168.36         
      48                   129.12         
      52                   89.88          
      56                   50.64          
      60                   11.4           

      Missile velocity vs time plots for 40 degrees
      Time                 Velocity       
      4                    560.76         
      8                    521.52         
      12                   482.28         
      16                   443.04         
      20                   403.8          
      24                   364.56         
      28                   325.32         
      32                   286.08         
      36                   246.84         
      40                   207.6          
      44                   168.36         
      48                   129.12         
      52                   89.88          
      56                   50.64          
      60                   11.4           

      Missile velocity vs time plots for 50 degrees
      Time                 Velocity       
      4                    560.76         
      8                    521.52         
      12                   482.28         
      16                   443.04         
      20                   403.8          
      24                   364.56         
      28                   325.32         
      32                   286.08         
      36                   246.84         
      40                   207.6          
      44                   168.36         
      48                   129.12         
      52                   89.88          
      56                   50.64          
      60                   11.4           

      Missile velocity vs time plots for 60 degrees
      Time                 Velocity       
      4                    560.76         
      8                    521.52         
      12                   482.28         
      16                   443.04         
      20                   403.8          
      24                   364.56         
      28                   325.32         
      32                   286.08         
      36                   246.84         
      40                   207.6          
      44                   168.36         
      48                   129.12         
      52                   89.88          
      56                   50.64          
      60                   11.4           

      Missile velocity vs time plots for 70 degrees
      Time                 Velocity       
      4                    560.76         
      8                    521.52         
      12                   482.28         
      16                   443.04         
      20                   403.8          
      24                   364.56         
      28                   325.32         
      32                   286.08         
      36                   246.84         
      40                   207.6          
      44                   168.36         
      48                   129.12         
      52                   89.88          
      56                   50.64          
      60                   11.4           

      Missile velocity vs time plots for 80 degrees
      Time                 Velocity       
      4                    560.76         
      8                    521.52         
      12                   482.28         
      16                   443.04         
      20                   403.8          
      24                   364.56         
      28                   325.32         
      32                   286.08         
      36                   246.84         
      40                   207.6          
      44                   168.36         
      48                   129.12         
      52                   89.88          
      56                   50.64          
      60                   11.4           
